00111111 00100000 01001100 01101001 01110011 01110100 01100001 00100000
01100100 01100101 00100000 01010011 01100101 01101110 01101000 01100001
01110011 00111010 00001010 01000001 01110011 01101101 01101111 01100100
01100101 01110101 01110011 01001100 01101001 01110110 01110010 01100101
00100000 00111111 00001010 00001010 01000001 01110011 01101101 01101111
01100100 11101001 01110101 01110011 01001100 01101001 01110110 01110010
01100101 00001010 00001010 01000001 01110011 01101101 01101111 01100100
01100101 01110101 01110011 01011111 01001100 01101001 01110110 01110010
01100101 00001010 00001010 01000001 01110011 01101101 01101111 01100100
01100101 01110101 01110011 01001100 01101001 01110110 01110010 11101001
00001010 00001010 01000001 01110011 01101101 01101111 01100100 00110011
01110101 01110011 01001100 01101001 01110110 01110010 01100101 00001010
00001010 01000001 01110011 01101101 01101111 01100100 01100101 01110101
00110101 01001100 01101001 01110110 01110010 01100101 00001010 00001010
01000001 01110011 01101101 01101111 01100100 01100101 01110101 01110011
01001100 01101001 01110110 01110010 00110011 00001010 00001010 01000001
00110101 01101101 01101111 01100100 01100101 01110101 01110011 01001100
01101001 01110110 01110010 01100101 00001010 00001010 01000001 01110011
01101101 01101111 01100100 01000101 01110101 01110011 01001100 01101001
01110110 01110010 01100101 00001010 00001010 01000001 01110011 01101101
01101111 01100100 01100101 01110101 01110011 01011111 01001100 00110001
01110110 01110010 01100101 00001010 00001010 01000001 01110011 01101101
01101111 01100100 11101001 01110101 01110011 01011111 01001100 01101001
01110110 01110010 01100101 00001010 00001010 01000001 01110011 01101101
01101111 01100100 01100101 01110101 01010011 01011111 01001100 01101001
01110110 01110010 01100101 00001010 00001010 01000001 01110011 01101101
01101111 01100100 01100101 01110101 01110011 01001100 00110001 01110110
01110010 11101001 00001010 00001010 01000001 00100100 01101101 01101111
01100100 01100101 01110101 01110011 01001100 01101001 01110110 01110010
01100101 00001010 00001010 01000001 01111010 01101101 01101111 01100100
01100101 01110101 01110011 01001100 01101001 01110110 01110010 01100101
00001010 00001010 01000001 01110011 01101101 01101111 01100100 01100101
01110110 01110011 01001100 01101001 01110110 01110010 01100101 00001010
00001010 01000001 01110011 01101101 01101111 01100100 01100101 01110101
01010011 01001100 01101001 01110110 01110010 01100101 00001010 00001010
01000001 01110011 01101101 01101111 01100100 01100001 01110101 01110011
01001100 01101001 01110110 01110010 01100101 00001010 00001010 01000001
01110011 01101101 01101111 01100100 01100101 01110101 01111010 01001100
01101001 01110110 01110010 01100101 00001010 00001010 01000001 01110011
01101101 01101111 01100100 01100101 01110101 01110011 01011111 01001100
01101001 01110110 01110010 01100101 01100101 00001010 00001010 01000001
01110011 01101101 01101111 01100100 01100101 01110101 01110011 01001100
01101001 01110110 01110010 01100101 01011111 00001010 00001010 01000001
01110011 01101101 01101111 01100100 01100101 01110101 01110011 01001100
01101001 01110110 01110010 01100101 00110001 00001010 00001010 01000001
01110011 01101101 01101111 01100100 01100100 01110101 01110011 01001100
01101001 01110110 01110010 01100101 00001010 00001010 01000001 01110011
01101101 01101111 01100100 01100101 01110101 01110011 01001100 01101001
01110110 01110010 11101001 01011111 00001010 00001010 01000001 01110011
01101101 00110000 01100100 01100101 01110101 01110011 01001100 01101001
01110110 01110010 01100101 00001010 00001010 01000001 01110011 01101101
01101111 01100100 01100101 01110101 01110011 01001100 01101001 01110110
01110010 01100101 01100101 00001010 00001010 01000001 01110011 01101101
01101111 01100100 01100101 01110101 01110011 00101101 01001100 01101001
01110110 01110010 01100101 00001010 00001010 01000001 01110011 01101101
01101111 01100100 01100101 01110101 01110011 00100000 01001100 01101001
01110110 01110010 11101001 00001010 00001010 01000001 01110011 01101101
01101111 01100100 01100101 01110101 00110101 01011111 01001100 00110001
01110110 01110010 01100101 00001010 00001010 01000001 01110011 01101101
01101111 01100100 01100101 01110101 01110011 01001100 01101001 01110110
01110010 01000101 00001010 00001010 01000001 01110011 01101101 11110011
01100100 01100101 01110101 01110011 01001100 01101001 01110110 01110010
01100101 00001010
